0.3196594715118408
0.24970269203186035
0.2353835105895996
0.1981034278869629
0.24460649490356445
0.21866583824157715
0.18107008934020996
0.22181463241577148
0.3288872241973877
0.3303184509277344
0.3291032314300537
0.29952311515808105
0.20275640487670898
0.20199847221374512
0.2544560432434082
0.23318171501159668
0.21909236907958984
0.1916027069091797
0.2517588138580322
0.23899006843566895
0.3031783103942871
0.310776948928833
0.3184685707092285
0.303225040435791
0.23685789108276367
0.2754056453704834
0.20196843147277832
0.2879767417907715
0.27451181411743164
0.299912691116333
0.2525641918182373
0.24074745178222656
0.2977609634399414
0.2561790943145752
0.3015427589416504
0.29959821701049805
0.3223402500152588
0.258068323135376
0.18601608276367188
0.21199321746826172
0.2483062744140625
0.2606339454650879
0.2531595230102539
0.23818230628967285
0.302168607711792
0.21001505851745605
0.2216966152191162
0.2486858367919922
0.21381878852844238
0.19944214820861816
0.20626091957092285
0.248002290725708
0.20772194862365723
0.20819926261901855
0.15889978408813477
0.2659170627593994
0.24602246284484863
0.25919604301452637
0.3239142894744873
0.2562551498413086
0.27895140647888184
0.23626422882080078
0.29903078079223633
0.29962587356567383
0.25989532470703125
0.2832760810852051
0.19597196578979492
0.12017822265625
0.20256686210632324
0.24123787879943848
0.3272697925567627
0.2481834888458252
0.27339649200439453
0.2276010513305664
0.2195148468017578
0.23313426971435547
0.23942875862121582
0.2364058494567871
0.2388615608215332
0.25667524337768555
0.32787084579467773
0.19601655006408691
0.31597113609313965
0.29479074478149414
0.27978086471557617
0.2375774383544922
0.24473285675048828
0.2947978973388672
0.2776191234588623
0.2035231590270996
0.2422347068786621
0.2508208751678467
0.2582845687866211
0.21952104568481445
0.1935722827911377
0.19494318962097168
0.18700885772705078
0.2122058868408203
0.20695948600769043
0.1888136863708496
