1.222978115081787
1.012364149093628
1.1055383682250977
1.1066362857818604
1.1035175323486328
1.12255859375
1.10182785987854
1.1085307598114014
1.1072461605072021
1.1060278415679932
1.1049561500549316
1.0828461647033691
1.0535757541656494
1.0541553497314453
1.052823781967163
1.0551750659942627
0.9604711532592773
1.0511338710784912
1.0600886344909668
1.0533087253570557
1.053962230682373
1.0526165962219238
1.0520985126495361
1.05393385887146
0.9531881809234619
1.0551233291625977
1.0524516105651855
1.0525100231170654
1.0525641441345215
1.0586297512054443
