0.5996479988098145
0.6588799953460693
0.8227651119232178
0.8019239902496338
0.8300199508666992
0.8361270427703857
0.7812578678131104
0.8208420276641846
0.7872810363769531
0.8208489418029785
0.8081719875335693
0.8112142086029053
0.817763090133667
0.7962398529052734
0.8184230327606201
0.7914679050445557
0.8327250480651855
0.7886438369750977
0.8133978843688965
0.8075101375579834
0.8133738040924072
0.8110589981079102
0.809481143951416
0.8108210563659668
0.844918966293335
0.7790172100067139
0.8002171516418457
0.7979199886322021
0.8231940269470215
0.8225431442260742
0.8040711879730225
0.8078410625457764
0.8158800601959229
0.8038339614868164
0.8022251129150391
0.8125197887420654
0.8904471397399902
0.8099770545959473
0.8016500473022461
0.8765220642089844
0.7456820011138916
0.8825118541717529
0.9226810932159424
0.8119430541992188
0.807765007019043
0.8892800807952881
0.8020260334014893
0.9320068359375
0.7750308513641357
0.8201110363006592
0.8493618965148926
0.7649810314178467
0.8368830680847168
0.8738210201263428
0.7911679744720459
0.8227841854095459
0.799224853515625
0.8198552131652832
0.8124120235443115
0.8102619647979736
0.8098018169403076
0.8203728199005127
0.7935550212860107
0.8262062072753906
0.7933988571166992
0.8019809722900391
0.8340680599212646
0.8473551273345947
0.7771041393280029
0.8148040771484375
0.7986080646514893
0.8036630153656006
0.8099679946899414
0.8645670413970947
0.764319896697998
0.8450100421905518
0.7574441432952881
0.8230187892913818
0.8228049278259277
0.8086180686950684
0.8197979927062988
0.8089070320129395
0.7852451801300049
0.8541710376739502
0.83732008934021
0.7701959609985352
0.8209540843963623
0.7806909084320068
0.8031868934631348
0.8203799724578857
0.8006720542907715
0.8192620277404785
0.791795015335083
0.8094489574432373
0.852769136428833
0.7888429164886475
0.8207418918609619
0.8020200729370117
0.8091580867767334
0.8130788803100586
