9.479939937591553
9.04911994934082
9.20281720161438
9.090291023254395
9.105316877365112
9.495129823684692
9.26964807510376
9.089046955108643
9.626006841659546
9.724334001541138
9.281312942504883
9.64787220954895
9.340452909469604
9.289417028427124
9.308092832565308
9.309628009796143
9.42982006072998
9.489572048187256
9.630209922790527
9.299607992172241
9.330784797668457
9.267689943313599
9.359234094619751
9.389763116836548
9.31181001663208
9.294172048568726
9.442798852920532
9.644218921661377
9.918389081954956
9.79582405090332
